==============================================================================
FEDS-200628 REPLICATION EVALUATION
Fed data:     1961-06-14 to 2026-05-15  (n=16938)
Replication:  2024-01-02 to 2024-12-31  (n=250)
Overlap:      2024-01-02 to 2024-12-31  (n=250)
==============================================================================

--- SVENSSON PARAMETERS ---
  col             n     RMSE      MAE   MaxAbs     Bias    Corr
  BETA0         250    1.018    0.550    3.059   -0.501  0.8311
  BETA1         250    1.021    0.552    3.059    0.503  0.7954
  BETA2         250   74.685   17.091  478.675   16.502 -0.0598
  BETA3         250   72.907   17.212  467.996  -13.778  0.4382
  TAU1          250    2.037    0.715    8.289   -0.603  0.8234
  TAU2          250    9.118    4.495   26.161    4.352 -0.7570
  GROUP RMSE: 42.7837   GROUP MAX: 478.6750   MIN CORR: -0.7570   FAIL

--- ZERO-COUPON YIELDS (basis points) ---
  col             n     RMSE      MAE   MaxAbs     Bias    Corr   %<1bp   %<5bp  %<10bp  %<25bp
  SVENY01       250    0.103    0.030    0.851    0.023  1.0000   100.0   100.0   100.0   100.0
  SVENY02       250    0.070    0.025    0.431   -0.002  1.0000   100.0   100.0   100.0   100.0
  SVENY03       250    0.159    0.059    0.824   -0.057  1.0000   100.0   100.0   100.0   100.0
  SVENY04       250    0.087    0.037    0.343   -0.035  1.0000   100.0   100.0   100.0   100.0
  SVENY05       250    0.100    0.032    0.625    0.028  1.0000   100.0   100.0   100.0   100.0
  SVENY06       250    0.229    0.085    1.145    0.083  1.0000    98.4   100.0   100.0   100.0
  SVENY07       250    0.284    0.110    1.282    0.107  1.0000    96.8   100.0   100.0   100.0
  SVENY08       250    0.262    0.103    1.191    0.100  1.0000    98.4   100.0   100.0   100.0
  SVENY09       250    0.186    0.073    0.888    0.070  1.0000   100.0   100.0   100.0   100.0
  SVENY10       250    0.088    0.036    0.478    0.029  1.0000   100.0   100.0   100.0   100.0
  SVENY11       250    0.059    0.023    0.318   -0.016  1.0000   100.0   100.0   100.0   100.0
  SVENY12       250    0.145    0.060    0.762   -0.056  1.0000   100.0   100.0   100.0   100.0
  SVENY13       250    0.221    0.090    1.108   -0.087  1.0000    99.6   100.0   100.0   100.0
  SVENY14       250    0.273    0.109    1.349   -0.106  1.0000    97.2   100.0   100.0   100.0
  SVENY15       250    0.299    0.118    1.481   -0.115  1.0000    96.8   100.0   100.0   100.0
  SVENY16       250    0.299    0.116    1.507   -0.113  1.0000    96.8   100.0   100.0   100.0
  SVENY17       250    0.279    0.105    1.435   -0.102  1.0000    96.8   100.0   100.0   100.0
  SVENY18       250    0.243    0.086    1.284   -0.083  1.0000    98.0   100.0   100.0   100.0
  SVENY19       250    0.195    0.066    1.111   -0.059  1.0000    99.2   100.0   100.0   100.0
  SVENY20       250    0.143    0.046    0.897   -0.033  1.0000   100.0   100.0   100.0   100.0
  SVENY21       250    0.098    0.035    0.643   -0.006  1.0000   100.0   100.0   100.0   100.0
  SVENY22       250    0.081    0.033    0.387    0.020  1.0000   100.0   100.0   100.0   100.0
  SVENY23       250    0.105    0.047    0.402    0.044  1.0000   100.0   100.0   100.0   100.0
  SVENY24       250    0.146    0.066    0.533    0.063  1.0000   100.0   100.0   100.0   100.0
  SVENY25       250    0.188    0.080    0.872    0.077  1.0000   100.0   100.0   100.0   100.0
  SVENY26       250    0.225    0.087    1.184    0.083  0.9999    98.4   100.0   100.0   100.0
  SVENY27       250    0.259    0.086    1.476    0.083  0.9999    97.2   100.0   100.0   100.0
  SVENY28       250    0.291    0.089    1.744    0.074  0.9999    96.8   100.0   100.0   100.0
  SVENY29       250    0.327    0.102    1.998    0.056  0.9998    96.8   100.0   100.0   100.0
  SVENY30       250    0.374    0.129    2.286    0.028  0.9997    96.8   100.0   100.0   100.0
  GROUP RMSE: 0.213 bp   GROUP MAX: 2.286 bp   MIN CORR: 0.9997   PASS

--- PAR YIELDS (basis points) ---
  col             n     RMSE      MAE   MaxAbs     Bias    Corr   %<1bp   %<5bp  %<10bp  %<25bp
  SVENPY01      250    0.104    0.030    0.866    0.023  1.0000   100.0   100.0   100.0   100.0
  SVENPY02      250    0.069    0.025    0.423   -0.002  1.0000   100.0   100.0   100.0   100.0
  SVENPY03      250    0.156    0.058    0.805   -0.056  1.0000   100.0   100.0   100.0   100.0
  SVENPY04      250    0.087    0.037    0.332   -0.035  1.0000   100.0   100.0   100.0   100.0
  SVENPY05      250    0.090    0.028    0.567    0.025  1.0000   100.0   100.0   100.0   100.0
  SVENPY06      250    0.210    0.078    1.055    0.076  1.0000    99.6   100.0   100.0   100.0
  SVENPY07      250    0.263    0.102    1.193    0.099  1.0000    97.6   100.0   100.0   100.0
  SVENPY08      250    0.246    0.097    1.123    0.094  1.0000    98.8   100.0   100.0   100.0
  SVENPY09      250    0.181    0.071    0.870    0.068  1.0000   100.0   100.0   100.0   100.0
  SVENPY10      250    0.096    0.038    0.521    0.033  1.0000   100.0   100.0   100.0   100.0
  SVENPY11      250    0.041    0.017    0.224   -0.004  1.0000   100.0   100.0   100.0   100.0
  SVENPY12      250    0.098    0.041    0.518   -0.037  1.0000   100.0   100.0   100.0   100.0
  SVENPY13      250    0.159    0.065    0.813   -0.062  1.0000   100.0   100.0   100.0   100.0
  SVENPY14      250    0.201    0.081    1.010   -0.078  1.0000    99.6   100.0   100.0   100.0
  SVENPY15      250    0.222    0.088    1.119   -0.086  1.0000    99.6   100.0   100.0   100.0
  SVENPY16      250    0.225    0.088    1.146   -0.085  1.0000    99.2   100.0   100.0   100.0
  SVENPY17      250    0.212    0.080    1.105   -0.078  1.0000    99.6   100.0   100.0   100.0
  SVENPY18      250    0.188    0.068    1.008   -0.065  1.0000    99.6   100.0   100.0   100.0
  SVENPY19      250    0.156    0.054    0.865   -0.051  1.0000   100.0   100.0   100.0   100.0
  SVENPY20      250    0.121    0.040    0.706   -0.033  1.0000   100.0   100.0   100.0   100.0
  SVENPY21      250    0.087    0.028    0.550   -0.016  1.0000   100.0   100.0   100.0   100.0
  SVENPY22      250    0.060    0.023    0.374    0.000  1.0000   100.0   100.0   100.0   100.0
  SVENPY23      250    0.050    0.023    0.229    0.015  1.0000   100.0   100.0   100.0   100.0
  SVENPY24      250    0.061    0.029    0.215    0.026  1.0000   100.0   100.0   100.0   100.0
  SVENPY25      250    0.081    0.038    0.313    0.035  1.0000   100.0   100.0   100.0   100.0
  SVENPY26      250    0.100    0.042    0.489    0.039  1.0000   100.0   100.0   100.0   100.0
  SVENPY27      250    0.117    0.042    0.654    0.039  1.0000   100.0   100.0   100.0   100.0
  SVENPY28      250    0.135    0.043    0.797    0.035  1.0000   100.0   100.0   100.0   100.0
  SVENPY29      250    0.155    0.049    0.927    0.027  1.0000   100.0   100.0   100.0   100.0
  SVENPY30      250    0.180    0.063    1.086    0.013  1.0000    99.2   100.0   100.0   100.0
  GROUP RMSE: 0.152 bp   GROUP MAX: 1.193 bp   MIN CORR: 1.0000   PASS

--- INSTANTANEOUS FORWARDS (basis points) ---
  col             n     RMSE      MAE   MaxAbs     Bias    Corr   %<1bp   %<5bp  %<10bp  %<25bp
  SVENF01       250    0.251    0.095    1.210    0.092  1.0000    97.6   100.0   100.0   100.0
  SVENF02       250    0.464    0.159    2.667   -0.157  1.0000    95.2   100.0   100.0   100.0
  SVENF03       250    0.287    0.109    1.299   -0.106  1.0000    96.8   100.0   100.0   100.0
  SVENF04       250    0.544    0.178    3.004    0.175  0.9998    95.2   100.0   100.0   100.0
  SVENF05       250    0.929    0.356    4.114    0.352  0.9996    84.0   100.0   100.0   100.0
  SVENF06       250    0.834    0.335    3.361    0.330  0.9996    84.4   100.0   100.0   100.0
  SVENF07       250    0.409    0.168    1.668    0.161  0.9999    92.8   100.0   100.0   100.0
  SVENF08       250    0.229    0.081    1.457   -0.063  1.0000    98.4   100.0   100.0   100.0
  SVENF09       250    0.702    0.279    3.510   -0.270  0.9997    86.8   100.0   100.0   100.0
  SVENF10       250    1.059    0.423    4.921   -0.417  0.9993    81.6   100.0   100.0   100.0
  SVENF11       250    1.237    0.495    5.598   -0.489  0.9990    81.2    99.2   100.0   100.0
  SVENF12       250    1.239    0.493    5.591   -0.485  0.9989    81.2    98.8   100.0   100.0
  SVENF13       250    1.094    0.427    5.032   -0.418  0.9991    84.0    99.2   100.0   100.0
  SVENF14       250    0.844    0.314    4.369   -0.304  0.9993    87.6   100.0   100.0   100.0
  SVENF15       250    0.544    0.192    3.360   -0.158  0.9997    93.2   100.0   100.0   100.0
  SVENF16       250    0.318    0.118    2.088    0.000  0.9998    96.4   100.0   100.0   100.0
  SVENF17       250    0.426    0.174    1.955    0.158  0.9998    92.4   100.0   100.0   100.0
  SVENF18       250    0.710    0.310    2.316    0.302  0.9993    81.6   100.0   100.0   100.0
  SVENF19       250    0.988    0.433    3.678    0.422  0.9984    81.2   100.0   100.0   100.0
  SVENF20       250    1.217    0.523    5.071    0.511  0.9969    80.8    99.6   100.0   100.0
  SVENF21       250    1.383    0.577    6.295    0.562  0.9951    80.8    98.0   100.0   100.0
  SVENF22       250    1.483    0.588    7.311    0.573  0.9936    81.2    96.8   100.0   100.0
  SVENF23       250    1.526    0.553    8.116    0.540  0.9934    84.0    96.4   100.0   100.0
  SVENF24       250    1.530    0.498    8.677    0.461  0.9942    87.6    96.4   100.0   100.0
  SVENF25       250    1.534    0.459    9.384    0.337  0.9953    88.0    96.8   100.0   100.0
  SVENF26       250    1.592    0.517    9.989    0.168  0.9959    86.8    96.8   100.0   100.0
  SVENF27       250    1.765    0.654   10.422   -0.046  0.9960    84.0    96.0    99.6   100.0
  SVENF28       250    2.089    0.858   10.678   -0.304  0.9958    81.2    94.4    99.6   100.0
  SVENF29       250    2.567    1.114   10.754   -0.605  0.9954    76.4    89.2    99.2   100.0
  SVENF30       250    3.181    1.421   12.682   -0.945  0.9947    74.0    86.8    96.4   100.0
  GROUP RMSE: 1.296 bp   GROUP MAX: 12.682 bp   MIN CORR: 0.9934   PASS

------------------------------------------------------------------------------
WORST 10 DATES (largest abs difference across any yield series, bp)
  date         worst_series  abs_diff_bp
  2024-08-29   SVENF30            12.682
  2024-08-28   SVENF30            11.563
  2024-08-07   SVENF30            10.958
  2024-10-04   SVENF29            10.754
  2024-08-27   SVENF30            10.736
  2024-08-08   SVENF30            10.386
  2024-08-30   SVENF30            10.374
  2024-08-06   SVENF30            10.168
  2024-08-13   SVENF30            10.033
  2024-10-02   SVENF26             9.103

------------------------------------------------------------------------------
THRESHOLD CHECK
  FAIL: SVENSSON PARAMETERS: group RMSE 42.7837 > 0.1
  FAIL: INSTANTANEOUS FORWARDS (basis points): min correlation 0.9934 (SVENF23) < 0.999
==============================================================================
OVERALL: FAIL (2 violation(s))
==============================================================================
